No,keyword,title,url
1,car,CAR magazine website | Reviews | News | Scoops | CAR ...,https://www.carmagazine.co.uk
2,dog,Dog - Wikipedia,https://en.wikipedia.org/wiki/Dog